(kicad_pcb (version 20171130) (host pcbnew 5.0.1-33cea8e~68~ubuntu18.04.1)

  (general
    (thickness 1.6)
    (drawings 4)
    (tracks 470)
    (zones 0)
    (modules 116)
    (nets 97)
  )

  (page A4)
  (layers
    (0 F.Cu signal)
    (31 B.Cu signal)
    (32 B.Adhes user)
    (33 F.Adhes user)
    (34 B.Paste user)
    (35 F.Paste user)
    (36 B.SilkS user)
    (37 F.SilkS user)
    (38 B.Mask user)
    (39 F.Mask user)
    (40 Dwgs.User user)
    (41 Cmts.User user)
    (42 Eco1.User user)
    (43 Eco2.User user)
    (44 Edge.Cuts user)
    (45 Margin user)
    (46 B.CrtYd user)
    (47 F.CrtYd user)
    (48 B.Fab user)
    (49 F.Fab user)
  )

  (setup
    (last_trace_width 0.6)
    (user_trace_width 0.44)
    (user_trace_width 0.6)
    (user_trace_width 1)
    (trace_clearance 0.2)
    (zone_clearance 0.6)
    (zone_45_only no)
    (trace_min 0.2)
    (segment_width 0.2)
    (edge_width 0.15)
    (via_size 0.8)
    (via_drill 0.4)
    (via_min_size 0.4)
    (via_min_drill 0.3)
    (user_via 1 0.6)
    (uvia_size 0.3)
    (uvia_drill 0.1)
    (uvias_allowed no)
    (uvia_min_size 0.2)
    (uvia_min_drill 0.1)
    (pcb_text_width 0.3)
    (pcb_text_size 1.5 1.5)
    (mod_edge_width 0.15)
    (mod_text_size 1 1)
    (mod_text_width 0.15)
    (pad_size 1.524 1.524)
    (pad_drill 0.762)
    (pad_to_mask_clearance 0.051)
    (solder_mask_min_width 0.25)
    (aux_axis_origin 0 0)
    (visible_elements FFFFFF7F)
    (pcbplotparams
      (layerselection 0x010fc_ffffffff)
      (usegerberextensions false)
      (usegerberattributes false)
      (usegerberadvancedattributes false)
      (creategerberjobfile false)
      (excludeedgelayer true)
      (linewidth 0.100000)
      (plotframeref false)
      (viasonmask false)
      (mode 1)
      (useauxorigin false)
      (hpglpennumber 1)
      (hpglpenspeed 20)
      (hpglpendiameter 15.000000)
      (psnegative false)
      (psa4output false)
      (plotreference true)
      (plotvalue true)
      (plotinvisibletext false)
      (padsonsilk false)
      (subtractmaskfromsilk false)
      (outputformat 1)
      (mirror false)
      (drillshape 1)
      (scaleselection 1)
      (outputdirectory ""))
  )

  (net 0 "")
  (net 1 "Net-(C1-Pad1)")
  (net 2 GND)
  (net 3 "Net-(C2-Pad1)")
  (net 4 "Net-(C3-Pad1)")
  (net 5 "Net-(C4-Pad1)")
  (net 6 "Net-(C5-Pad1)")
  (net 7 +5v)
  (net 8 "Net-(C8-Pad1)")
  (net 9 "Net-(C9-Pad1)")
  (net 10 "Net-(C11-Pad2)")
  (net 11 "Net-(C11-Pad1)")
  (net 12 "Net-(C12-Pad2)")
  (net 13 "Net-(C12-Pad1)")
  (net 14 "Net-(C13-Pad1)")
  (net 15 "Net-(C13-Pad2)")
  (net 16 "Net-(C14-Pad1)")
  (net 17 "Net-(C14-Pad2)")
  (net 18 "Net-(C15-Pad1)")
  (net 19 "Net-(C15-Pad2)")
  (net 20 "Net-(C16-Pad2)")
  (net 21 "Net-(C16-Pad1)")
  (net 22 "Net-(C17-Pad2)")
  (net 23 "Net-(C18-Pad2)")
  (net 24 "Net-(C20-Pad1)")
  (net 25 "Net-(C20-Pad2)")
  (net 26 "Net-(C21-Pad1)")
  (net 27 "Net-(C21-Pad2)")
  (net 28 "Net-(C25-Pad2)")
  (net 29 "Net-(C25-Pad1)")
  (net 30 "Net-(C26-Pad1)")
  (net 31 "Net-(C26-Pad2)")
  (net 32 "Net-(C27-Pad1)")
  (net 33 "Net-(C27-Pad2)")
  (net 34 "Net-(C28-Pad2)")
  (net 35 "Net-(C29-Pad2)")
  (net 36 "Net-(C29-Pad1)")
  (net 37 "Net-(C30-Pad2)")
  (net 38 "Net-(C31-Pad2)")
  (net 39 "Net-(C31-Pad1)")
  (net 40 "Net-(C32-Pad2)")
  (net 41 "Net-(C33-Pad1)")
  (net 42 "Net-(C33-Pad2)")
  (net 43 "Net-(C34-Pad2)")
  (net 44 "Net-(C35-Pad2)")
  (net 45 "Net-(C35-Pad1)")
  (net 46 "Net-(C36-Pad2)")
  (net 47 "Net-(C37-Pad1)")
  (net 48 "Net-(C37-Pad2)")
  (net 49 "Net-(C38-Pad2)")
  (net 50 "Net-(C39-Pad1)")
  (net 51 "Net-(C39-Pad2)")
  (net 52 "Net-(C40-Pad2)")
  (net 53 "Net-(C41-Pad2)")
  (net 54 "Net-(C41-Pad1)")
  (net 55 "Net-(C42-Pad2)")
  (net 56 "Net-(C43-Pad1)")
  (net 57 "Net-(C43-Pad2)")
  (net 58 "Net-(C44-Pad2)")
  (net 59 "Net-(C45-Pad1)")
  (net 60 "Net-(C45-Pad2)")
  (net 61 "Net-(C46-Pad2)")
  (net 62 "Net-(C47-Pad1)")
  (net 63 "Net-(C48-Pad1)")
  (net 64 +12v_a)
  (net 65 "Net-(C50-Pad2)")
  (net 66 "Net-(C50-Pad1)")
  (net 67 +12v_b)
  (net 68 "Net-(C52-Pad1)")
  (net 69 "Net-(C52-Pad2)")
  (net 70 "Net-(C55-Pad2)")
  (net 71 "Net-(C56-Pad2)")
  (net 72 "Net-(JP1-Pad3)")
  (net 73 "Net-(JP1-Pad1)")
  (net 74 "Net-(JP2-Pad3)")
  (net 75 "Net-(JP2-Pad1)")
  (net 76 "Net-(JP3-Pad2)")
  (net 77 "Net-(JP4-Pad2)")
  (net 78 "Net-(R3-Pad2)")
  (net 79 "Net-(R3-Pad1)")
  (net 80 "Net-(R4-Pad1)")
  (net 81 "Net-(R4-Pad2)")
  (net 82 "Net-(R16-Pad1)")
  (net 83 "Net-(R17-Pad1)")
  (net 84 "Net-(U1-Pad14)")
  (net 85 "Net-(U1-Pad13)")
  (net 86 "Net-(U1-Pad5)")
  (net 87 "Net-(U2-Pad14)")
  (net 88 "Net-(U2-Pad13)")
  (net 89 "Net-(U2-Pad5)")
  (net 90 "Net-(D1-Pad2)")
  (net 91 "Net-(D2-Pad2)")
  (net 92 "Net-(J1-Pad2)")
  (net 93 "Net-(J2-Pad2)")
  (net 94 "Net-(R17-Pad2)")
  (net 95 "Net-(J3-Pad2)")
  (net 96 "Net-(J4-Pad2)")

  (net_class Default "This is the default net class."
    (clearance 0.2)
    (trace_width 0.25)
    (via_dia 0.8)
    (via_drill 0.4)
    (uvia_dia 0.3)
    (uvia_drill 0.1)
    (add_net +12v_a)
    (add_net +12v_b)
    (add_net +5v)
    (add_net GND)
    (add_net "Net-(C1-Pad1)")
    (add_net "Net-(C11-Pad1)")
    (add_net "Net-(C11-Pad2)")
    (add_net "Net-(C12-Pad1)")
    (add_net "Net-(C12-Pad2)")
    (add_net "Net-(C13-Pad1)")
    (add_net "Net-(C13-Pad2)")
    (add_net "Net-(C14-Pad1)")
    (add_net "Net-(C14-Pad2)")
    (add_net "Net-(C15-Pad1)")
    (add_net "Net-(C15-Pad2)")
    (add_net "Net-(C16-Pad1)")
    (add_net "Net-(C16-Pad2)")
    (add_net "Net-(C17-Pad2)")
    (add_net "Net-(C18-Pad2)")
    (add_net "Net-(C2-Pad1)")
    (add_net "Net-(C20-Pad1)")
    (add_net "Net-(C20-Pad2)")
    (add_net "Net-(C21-Pad1)")
    (add_net "Net-(C21-Pad2)")
    (add_net "Net-(C25-Pad1)")
    (add_net "Net-(C25-Pad2)")
    (add_net "Net-(C26-Pad1)")
    (add_net "Net-(C26-Pad2)")
    (add_net "Net-(C27-Pad1)")
    (add_net "Net-(C27-Pad2)")
    (add_net "Net-(C28-Pad2)")
    (add_net "Net-(C29-Pad1)")
    (add_net "Net-(C29-Pad2)")
    (add_net "Net-(C3-Pad1)")
    (add_net "Net-(C30-Pad2)")
    (add_net "Net-(C31-Pad1)")
    (add_net "Net-(C31-Pad2)")
    (add_net "Net-(C32-Pad2)")
    (add_net "Net-(C33-Pad1)")
    (add_net "Net-(C33-Pad2)")
    (add_net "Net-(C34-Pad2)")
    (add_net "Net-(C35-Pad1)")
    (add_net "Net-(C35-Pad2)")
    (add_net "Net-(C36-Pad2)")
    (add_net "Net-(C37-Pad1)")
    (add_net "Net-(C37-Pad2)")
    (add_net "Net-(C38-Pad2)")
    (add_net "Net-(C39-Pad1)")
    (add_net "Net-(C39-Pad2)")
    (add_net "Net-(C4-Pad1)")
    (add_net "Net-(C40-Pad2)")
    (add_net "Net-(C41-Pad1)")
    (add_net "Net-(C41-Pad2)")
    (add_net "Net-(C42-Pad2)")
    (add_net "Net-(C43-Pad1)")
    (add_net "Net-(C43-Pad2)")
    (add_net "Net-(C44-Pad2)")
    (add_net "Net-(C45-Pad1)")
    (add_net "Net-(C45-Pad2)")
    (add_net "Net-(C46-Pad2)")
    (add_net "Net-(C47-Pad1)")
    (add_net "Net-(C48-Pad1)")
    (add_net "Net-(C5-Pad1)")
    (add_net "Net-(C50-Pad1)")
    (add_net "Net-(C50-Pad2)")
    (add_net "Net-(C52-Pad1)")
    (add_net "Net-(C52-Pad2)")
    (add_net "Net-(C55-Pad2)")
    (add_net "Net-(C56-Pad2)")
    (add_net "Net-(C8-Pad1)")
    (add_net "Net-(C9-Pad1)")
    (add_net "Net-(D1-Pad2)")
    (add_net "Net-(D2-Pad2)")
    (add_net "Net-(J1-Pad2)")
    (add_net "Net-(J2-Pad2)")
    (add_net "Net-(J3-Pad2)")
    (add_net "Net-(J4-Pad2)")
    (add_net "Net-(JP1-Pad1)")
    (add_net "Net-(JP1-Pad3)")
    (add_net "Net-(JP2-Pad1)")
    (add_net "Net-(JP2-Pad3)")
    (add_net "Net-(JP3-Pad2)")
    (add_net "Net-(JP4-Pad2)")
    (add_net "Net-(R16-Pad1)")
    (add_net "Net-(R17-Pad1)")
    (add_net "Net-(R17-Pad2)")
    (add_net "Net-(R3-Pad1)")
    (add_net "Net-(R3-Pad2)")
    (add_net "Net-(R4-Pad1)")
    (add_net "Net-(R4-Pad2)")
    (add_net "Net-(U1-Pad13)")
    (add_net "Net-(U1-Pad14)")
    (add_net "Net-(U1-Pad5)")
    (add_net "Net-(U2-Pad13)")
    (add_net "Net-(U2-Pad14)")
    (add_net "Net-(U2-Pad5)")
  )

  (module LED_SMD:LED_1206_3216Metric_Pad1.42x1.75mm_HandSolder (layer F.Cu) (tedit 5BD128E7) (tstamp 5BDAE31F)
    (at 135.95 53.9 180)
    (descr "LED SMD 1206 (3216 Metric), square (rectangular) end terminal, IPC_7351 nominal, (Body size source: http://www.tortai-tech.com/upload/download/2011102023233369053.pdf), generated with kicad-footprint-generator")
    (tags "LED handsolder")
    (path /5C382FF6)
    (attr smd)
    (fp_text reference D1 (at 0 -1.82 180) (layer F.SilkS)
      (effects (font (size 1 1) (thickness 0.15)))
    )
    (fp_text value LED_ALT (at 0 1.82 180) (layer F.Fab) hide
      (effects (font (size 1 1) (thickness 0.15)))
    )
    (fp_line (start 1.6 -0.8) (end -1.2 -0.8) (layer F.Fab) (width 0.1))
    (fp_line (start -1.2 -0.8) (end -1.6 -0.4) (layer F.Fab) (width 0.1))
    (fp_line (start -1.6 -0.4) (end -1.6 0.8) (layer F.Fab) (width 0.1))
    (fp_line (start -1.6 0.8) (end 1.6 0.8) (layer F.Fab) (width 0.1))
    (fp_line (start 1.6 0.8) (end 1.6 -0.8) (layer F.Fab) (width 0.1))
    (fp_line (start 1.6 -1.135) (end -2.46 -1.135) (layer F.SilkS) (width 0.12))
    (fp_line (start -2.46 -1.135) (end -2.46 1.135) (layer F.SilkS) (width 0.12))
    (fp_line (start -2.46 1.135) (end 1.6 1.135) (layer F.SilkS) (width 0.12))
    (fp_line (start -2.45 1.12) (end -2.45 -1.12) (layer F.CrtYd) (width 0.05))
    (fp_line (start -2.45 -1.12) (end 2.45 -1.12) (layer F.CrtYd) (width 0.05))
    (fp_line (start 2.45 -1.12) (end 2.45 1.12) (layer F.CrtYd) (width 0.05))
    (fp_line (start 2.45 1.12) (end -2.45 1.12) (layer F.CrtYd) (width 0.05))
    (fp_text user %R (at 0 0 180) (layer F.Fab)
      (effects (font (size 0.8 0.8) (thickness 0.12)))
    )
    (pad 1 smd roundrect (at -1.4875 0 180) (size 1.425 1.75) (layers F.Cu F.Paste F.Mask) (roundrect_rratio 0.175439)
      (net 2 GND))
    (pad 2 smd roundrect (at 1.4875 0 180) (size 1.425 1.75) (layers F.Cu F.Paste F.Mask) (roundrect_rratio 0.175439)
      (net 90 "Net-(D1-Pad2)"))
    (model ${KISYS3DMOD}/LED_SMD.3dshapes/LED_1206_3216Metric.wrl
      (at (xyz 0 0 0))
      (scale (xyz 1 1 1))
      (rotate (xyz 0 0 0))
    )
  )

  (module Capacitor_SMD:C_1206_3216Metric_Pad1.42x1.75mm_HandSolder (layer B.Cu) (tedit 5B301BBE) (tstamp 5BDAE095)
    (at 148.5 89.4 270)
    (descr "Capacitor SMD 1206 (3216 Metric), square (rectangular) end terminal, IPC_7351 nominal with elongated pad for handsoldering. (Body size source: http://www.tortai-tech.com/upload/download/2011102023233369053.pdf), generated with kicad-footprint-generator")
    (tags "capacitor handsolder")
    (path /5BB2CC10)
    (attr smd)
    (fp_text reference C27 (at 0 1.82 270) (layer B.SilkS)
      (effects (font (size 1 1) (thickness 0.15)) (justify mirror))
    )
    (fp_text value .015 (at 0 -1.82 270) (layer B.Fab)
      (effects (font (size 1 1) (thickness 0.15)) (justify mirror))
    )
    (fp_line (start -1.6 -0.8) (end -1.6 0.8) (layer B.Fab) (width 0.1))
    (fp_line (start -1.6 0.8) (end 1.6 0.8) (layer B.Fab) (width 0.1))
    (fp_line (start 1.6 0.8) (end 1.6 -0.8) (layer B.Fab) (width 0.1))
    (fp_line (start 1.6 -0.8) (end -1.6 -0.8) (layer B.Fab) (width 0.1))
    (fp_line (start -0.602064 0.91) (end 0.602064 0.91) (layer B.SilkS) (width 0.12))
    (fp_line (start -0.602064 -0.91) (end 0.602064 -0.91) (layer B.SilkS) (width 0.12))
    (fp_line (start -2.45 -1.12) (end -2.45 1.12) (layer B.CrtYd) (width 0.05))
    (fp_line (start -2.45 1.12) (end 2.45 1.12) (layer B.CrtYd) (width 0.05))
    (fp_line (start 2.45 1.12) (end 2.45 -1.12) (layer B.CrtYd) (width 0.05))
    (fp_line (start 2.45 -1.12) (end -2.45 -1.12) (layer B.CrtYd) (width 0.05))
    (fp_text user %R (at 0 0 270) (layer B.Fab)
      (effects (font (size 0.8 0.8) (thickness 0.12)) (justify mirror))
    )
    (pad 1 smd roundrect (at -1.4875 0 270) (size 1.425 1.75) (layers B.Cu B.Paste B.Mask) (roundrect_rratio 0.175439)
      (net 32 "Net-(C27-Pad1)"))
    (pad 2 smd roundrect (at 1.4875 0 270) (size 1.425 1.75) (layers B.Cu B.Paste B.Mask) (roundrect_rratio 0.175439)
      (net 33 "Net-(C27-Pad2)"))
    (model ${KISYS3DMOD}/Capacitor_SMD.3dshapes/C_1206_3216Metric.wrl
      (at (xyz 0 0 0))
      (scale (xyz 1 1 1))
      (rotate (xyz 0 0 0))
    )
  )

  (module Capacitor_SMD:C_1206_3216Metric_Pad1.42x1.75mm_HandSolder (layer B.Cu) (tedit 5B301BBE) (tstamp 5BDAE0FB)
    (at 159.5 131.5)
    (descr "Capacitor SMD 1206 (3216 Metric), square (rectangular) end terminal, IPC_7351 nominal with elongated pad for handsoldering. (Body size source: http://www.tortai-tech.com/upload/download/2011102023233369053.pdf), generated with kicad-footprint-generator")
    (tags "capacitor handsolder")
    (path /5BFD862F)
    (attr smd)
    (fp_text reference C33 (at 0 1.82) (layer B.SilkS)
      (effects (font (size 1 1) (thickness 0.15)) (justify mirror))
    )
    (fp_text value .0039 (at 0 -1.82) (layer B.Fab)
      (effects (font (size 1 1) (thickness 0.15)) (justify mirror))
    )
    (fp_line (start -1.6 -0.8) (end -1.6 0.8) (layer B.Fab) (width 0.1))
    (fp_line (start -1.6 0.8) (end 1.6 0.8) (layer B.Fab) (width 0.1))
    (fp_line (start 1.6 0.8) (end 1.6 -0.8) (layer B.Fab) (width 0.1))
    (fp_line (start 1.6 -0.8) (end -1.6 -0.8) (layer B.Fab) (width 0.1))
    (fp_line (start -0.602064 0.91) (end 0.602064 0.91) (layer B.SilkS) (width 0.12))
    (fp_line (start -0.602064 -0.91) (end 0.602064 -0.91) (layer B.SilkS) (width 0.12))
    (fp_line (start -2.45 -1.12) (end -2.45 1.12) (layer B.CrtYd) (width 0.05))
    (fp_line (start -2.45 1.12) (end 2.45 1.12) (layer B.CrtYd) (width 0.05))
    (fp_line (start 2.45 1.12) (end 2.45 -1.12) (layer B.CrtYd) (width 0.05))
    (fp_line (start 2.45 -1.12) (end -2.45 -1.12) (layer B.CrtYd) (width 0.05))
    (fp_text user %R (at 0 0) (layer B.Fab)
      (effects (font (size 0.8 0.8) (thickness 0.12)) (justify mirror))
    )
    (pad 1 smd roundrect (at -1.4875 0) (size 1.425 1.75) (layers B.Cu B.Paste B.Mask) (roundrect_rratio 0.175439)
      (net 41 "Net-(C33-Pad1)"))
    (pad 2 smd roundrect (at 1.4875 0) (size 1.425 1.75) (layers B.Cu B.Paste B.Mask) (roundrect_rratio 0.175439)
      (net 42 "Net-(C33-Pad2)"))
    (model ${KISYS3DMOD}/Capacitor_SMD.3dshapes/C_1206_3216Metric.wrl
      (at (xyz 0 0 0))
      (scale (xyz 1 1 1))
      (rotate (xyz 0 0 0))
    )
  )

  (module Capacitor_SMD:CP_Elec_6.3x5.2 (layer F.Cu) (tedit 5B3026A2) (tstamp 5BDADE0C)
    (at 179.1 62 90)
    (descr "SMT capacitor, aluminium electrolytic, 6.3x5.2, United Chemi-Con ")
    (tags "Capacitor Electrolytic")
    (path /5C58E11E)
    (attr smd)
    (fp_text reference C1 (at 0 -4.35 90) (layer F.SilkS)
      (effects (font (size 1 1) (thickness 0.15)))
    )
    (fp_text value 47u (at 0 4.35 90) (layer F.Fab)
      (effects (font (size 1 1) (thickness 0.15)))
    )
    (fp_circle (center 0 0) (end 3.15 0) (layer F.Fab) (width 0.1))
    (fp_line (start 3.3 -3.3) (end 3.3 3.3) (layer F.Fab) (width 0.1))
    (fp_line (start -2.3 -3.3) (end 3.3 -3.3) (layer F.Fab) (width 0.1))
    (fp_line (start -2.3 3.3) (end 3.3 3.3) (layer F.Fab) (width 0.1))
    (fp_line (start -3.3 -2.3) (end -3.3 2.3) (layer F.Fab) (width 0.1))
    (fp_line (start -3.3 -2.3) (end -2.3 -3.3) (layer F.Fab) (width 0.1))
    (fp_line (start -3.3 2.3) (end -2.3 3.3) (layer F.Fab) (width 0.1))
    (fp_line (start -2.704838 -1.33) (end -2.074838 -1.33) (layer F.Fab) (width 0.1))
    (fp_line (start -2.389838 -1.645) (end -2.389838 -1.015) (layer F.Fab) (width 0.1))
    (fp_line (start 3.41 3.41) (end 3.41 1.06) (layer F.SilkS) (width 0.12))
    (fp_line (start 3.41 -3.41) (end 3.41 -1.06) (layer F.SilkS) (width 0.12))
    (fp_line (start -2.345563 -3.41) (end 3.41 -3.41) (layer F.SilkS) (width 0.12))
    (fp_line (start -2.345563 3.41) (end 3.41 3.41) (layer F.SilkS) (width 0.12))
    (fp_line (start -3.41 2.345563) (end -3.41 1.06) (layer F.SilkS) (width 0.12))
    (fp_line (start -3.41 -2.345563) (end -3.41 -1.06) (layer F.SilkS) (width 0.12))
    (fp_line (start -3.41 -2.345563) (end -2.345563 -3.41) (layer F.SilkS) (width 0.12))
    (fp_line (start -3.41 2.345563) (end -2.345563 3.41) (layer F.SilkS) (width 0.12))
    (fp_line (start -4.4375 -1.8475) (end -3.65 -1.8475) (layer F.SilkS) (width 0.12))
    (fp_line (start -4.04375 -2.24125) (end -4.04375 -1.45375) (layer F.SilkS) (width 0.12))
    (fp_line (start 3.55 -3.55) (end 3.55 -1.05) (layer F.CrtYd) (width 0.05))
    (fp_line (start 3.55 -1.05) (end 4.8 -1.05) (layer F.CrtYd) (width 0.05))
    (fp_line (start 4.8 -1.05) (end 4.8 1.05) (layer F.CrtYd) (width 0.05))
    (fp_line (start 4.8 1.05) (end 3.55 1.05) (layer F.CrtYd) (width 0.05))
    (fp_line (start 3.55 1.05) (end 3.55 3.55) (layer F.CrtYd) (width 0.05))
    (fp_line (start -2.4 3.55) (end 3.55 3.55) (layer F.CrtYd) (width 0.05))
    (fp_line (start -2.4 -3.55) (end 3.55 -3.55) (layer F.CrtYd) (width 0.05))
    (fp_line (start -3.55 2.4) (end -2.4 3.55) (layer F.CrtYd) (width 0.05))
    (fp_line (start -3.55 -2.4) (end -2.4 -3.55) (layer F.CrtYd) (width 0.05))
    (fp_line (start -3.55 -2.4) (end -3.55 -1.05) (layer F.CrtYd) (width 0.05))
    (fp_line (start -3.55 1.05) (end -3.55 2.4) (layer F.CrtYd) (width 0.05))
    (fp_line (start -3.55 -1.05) (end -4.8 -1.05) (layer F.CrtYd) (width 0.05))
    (fp_line (start -4.8 -1.05) (end -4.8 1.05) (layer F.CrtYd) (width 0.05))
    (fp_line (start -4.8 1.05) (end -3.55 1.05) (layer F.CrtYd) (width 0.05))
    (fp_text user %R (at 0 0 90) (layer F.Fab)
      (effects (font (size 1 1) (thickness 0.15)))
    )
    (pad 1 smd rect (at -2.8 0 90) (size 3.5 1.6) (layers F.Cu F.Paste F.Mask)
      (net 1 "Net-(C1-Pad1)"))
    (pad 2 smd rect (at 2.8 0 90) (size 3.5 1.6) (layers F.Cu F.Paste F.Mask)
      (net 2 GND))
    (model ${KISYS3DMOD}/Capacitor_SMD.3dshapes/CP_Elec_6.3x5.2.wrl
      (at (xyz 0 0 0))
      (scale (xyz 1 1 1))
      (rotate (xyz 0 0 0))
    )
  )

  (module Capacitor_SMD:CP_Elec_5x5.3 (layer F.Cu) (tedit 5B3026A2) (tstamp 5BDADE34)
    (at 111.5 88 270)
    (descr "SMT capacitor, aluminium electrolytic, 5x5.3, Nichicon ")
    (tags "Capacitor Electrolytic")
    (path /5BBAE548)
    (attr smd)
    (fp_text reference C2 (at 0 -3.7 270) (layer F.SilkS)
      (effects (font (size 1 1) (thickness 0.15)))
    )
    (fp_text value 3u3 (at 0 3.7 270) (layer F.Fab)
      (effects (font (size 1 1) (thickness 0.15)))
    )
    (fp_text user %R (at 0 0 270) (layer F.Fab)
      (effects (font (size 1 1) (thickness 0.15)))
    )
    (fp_line (start -3.95 1.05) (end -2.9 1.05) (layer F.CrtYd) (width 0.05))
    (fp_line (start -3.95 -1.05) (end -3.95 1.05) (layer F.CrtYd) (width 0.05))
    (fp_line (start -2.9 -1.05) (end -3.95 -1.05) (layer F.CrtYd) (width 0.05))
    (fp_line (start -2.9 1.05) (end -2.9 1.75) (layer F.CrtYd) (width 0.05))
    (fp_line (start -2.9 -1.75) (end -2.9 -1.05) (layer F.CrtYd) (width 0.05))
    (fp_line (start -2.9 -1.75) (end -1.75 -2.9) (layer F.CrtYd) (width 0.05))
    (fp_line (start -2.9 1.75) (end -1.75 2.9) (layer F.CrtYd) (width 0.05))
    (fp_line (start -1.75 -2.9) (end 2.9 -2.9) (layer F.CrtYd) (width 0.05))
    (fp_line (start -1.75 2.9) (end 2.9 2.9) (layer F.CrtYd) (width 0.05))
    (fp_line (start 2.9 1.05) (end 2.9 2.9) (layer F.CrtYd) (width 0.05))
    (fp_line (start 3.95 1.05) (end 2.9 1.05) (layer F.CrtYd) (width 0.05))
    (fp_line (start 3.95 -1.05) (end 3.95 1.05) (layer F.CrtYd) (width 0.05))
    (fp_line (start 2.9 -1.05) (end 3.95 -1.05) (layer F.CrtYd) (width 0.05))
    (fp_line (start 2.9 -2.9) (end 2.9 -1.05) (layer F.CrtYd) (width 0.05))
    (fp_line (start -3.3125 -1.9975) (end -3.3125 -1.3725) (layer F.SilkS) (width 0.12))
    (fp_line (start -3.625 -1.685) (end -3 -1.685) (layer F.SilkS) (width 0.12))
    (fp_line (start -2.76 1.695563) (end -1.695563 2.76) (layer F.SilkS) (width 0.12))
    (fp_line (start -2.76 -1.695563) (end -1.695563 -2.76) (layer F.SilkS) (width 0.12))
    (fp_line (start -2.76 -1.695563) (end -2.76 -1.06) (layer F.SilkS) (width 0.12))
    (fp_line (start -2.76 1.695563) (end -2.76 1.06) (layer F.SilkS) (width 0.12))
    (fp_line (start -1.695563 2.76) (end 2.76 2.76) (layer F.SilkS) (width 0.12))
    (fp_line (start -1.695563 -2.76) (end 2.76 -2.76) (layer F.SilkS) (width 0.12))
    (fp_line (start 2.76 -2.76) (end 2.76 -1.06) (layer F.SilkS) (width 0.12))
    (fp_line (start 2.76 2.76) (end 2.76 1.06) (layer F.SilkS) (width 0.12))
    (fp_line (start -1.783956 -1.45) (end -1.783956 -0.95) (layer F.Fab) (width 0.1))
    (fp_line (start -2.033956 -1.2) (end -1.533956 -1.2) (layer F.Fab) (width 0.1))
    (fp_line (start -2.65 1.65) (end -1.65 2.65) (layer F.Fab) (width 0.1))
    (fp_line (start -2.65 -1.65) (end -1.65 -2.65) (layer F.Fab) (width 0.1))
    (fp_line (start -2.65 -1.65) (end -2.65 1.65) (layer F.Fab) (width 0.1))
    (fp_line (start -1.65 2.65) (end 2.65 2.65) (layer F.Fab) (width 0.1))
    (fp_line (start -1.65 -2.65) (end 2.65 -2.65) (layer F.Fab) (width 0.1))
    (fp_line (start 2.65 -2.65) (end 2.65 2.65) (layer F.Fab) (width 0.1))
    (fp_circle (center 0 0) (end 2.5 0) (layer F.Fab) (width 0.1))
    (pad 2 smd rect (at 2.2 0 270) (size 3 1.6) (layers F.Cu F.Paste F.Mask)
      (net 2 GND))
    (pad 1 smd rect (at -2.2 0 270) (size 3 1.6) (layers F.Cu F.Paste F.Mask)
      (net 3 "Net-(C2-Pad1)"))
    (model ${KISYS3DMOD}/Capacitor_SMD.3dshapes/CP_Elec_5x5.3.wrl
      (at (xyz 0 0 0))
      (scale (xyz 1 1 1))
      (rotate (xyz 0 0 0))
    )
  )

  (module Capacitor_SMD:CP_Elec_5x5.3 (layer F.Cu) (tedit 5B3026A2) (tstamp 5BDADE5C)
    (at 111.55 125.35 270)
    (descr "SMT capacitor, aluminium electrolytic, 5x5.3, Nichicon ")
    (tags "Capacitor Electrolytic")
    (path /5BFD86EA)
    (attr smd)
    (fp_text reference C3 (at 0 -3.7 270) (layer F.SilkS)
      (effects (font (size 1 1) (thickness 0.15)))
    )
    (fp_text value 3u3 (at 0 3.7 270) (layer F.Fab)
      (effects (font (size 1 1) (thickness 0.15)))
    )
    (fp_circle (center 0 0) (end 2.5 0) (layer F.Fab) (width 0.1))
    (fp_line (start 2.65 -2.65) (end 2.65 2.65) (layer F.Fab) (width 0.1))
    (fp_line (start -1.65 -2.65) (end 2.65 -2.65) (layer F.Fab) (width 0.1))
    (fp_line (start -1.65 2.65) (end 2.65 2.65) (layer F.Fab) (width 0.1))
    (fp_line (start -2.65 -1.65) (end -2.65 1.65) (layer F.Fab) (width 0.1))
    (fp_line (start -2.65 -1.65) (end -1.65 -2.65) (layer F.Fab) (width 0.1))
    (fp_line (start -2.65 1.65) (end -1.65 2.65) (layer F.Fab) (width 0.1))
    (fp_line (start -2.033956 -1.2) (end -1.533956 -1.2) (layer F.Fab) (width 0.1))
    (fp_line (start -1.783956 -1.45) (end -1.783956 -0.95) (layer F.Fab) (width 0.1))
    (fp_line (start 2.76 2.76) (end 2.76 1.06) (layer F.SilkS) (width 0.12))
    (fp_line (start 2.76 -2.76) (end 2.76 -1.06) (layer F.SilkS) (width 0.12))
    (fp_line (start -1.695563 -2.76) (end 2.76 -2.76) (layer F.SilkS) (width 0.12))
    (fp_line (start -1.695563 2.76) (end 2.76 2.76) (layer F.SilkS) (width 0.12))
    (fp_line (start -2.76 1.695563) (end -2.76 1.06) (layer F.SilkS) (width 0.12))
    (fp_line (start -2.76 -1.695563) (end -2.76 -1.06) (layer F.SilkS) (width 0.12))
    (fp_line (start -2.76 -1.695563) (end -1.695563 -2.76) (layer F.SilkS) (width 0.12))
    (fp_line (start -2.76 1.695563) (end -1.695563 2.76) (layer F.SilkS) (width 0.12))
    (fp_line (start -3.625 -1.685) (end -3 -1.685) (layer F.SilkS) (width 0.12))
    (fp_line (start -3.3125 -1.9975) (end -3.3125 -1.3725) (layer F.SilkS) (width 0.12))
    (fp_line (start 2.9 -2.9) (end 2.9 -1.05) (layer F.CrtYd) (width 0.05))
    (fp_line (start 2.9 -1.05) (end 3.95 -1.05) (layer F.CrtYd) (width 0.05))
    (fp_line (start 3.95 -1.05) (end 3.95 1.05) (layer F.CrtYd) (width 0.05))
    (fp_line (start 3.95 1.05) (end 2.9 1.05) (layer F.CrtYd) (width 0.05))
    (fp_line (start 2.9 1.05) (end 2.9 2.9) (layer F.CrtYd) (width 0.05))
    (fp_line (start -1.75 2.9) (end 2.9 2.9) (layer F.CrtYd) (width 0.05))
    (fp_line (start -1.75 -2.9) (end 2.9 -2.9) (layer F.CrtYd) (width 0.05))
    (fp_line (start -2.9 1.75) (end -1.75 2.9) (layer F.CrtYd) (width 0.05))
    (fp_line (start -2.9 -1.75) (end -1.75 -2.9) (layer F.CrtYd) (width 0.05))
    (fp_line (start -2.9 -1.75) (end -2.9 -1.05) (layer F.CrtYd) (width 0.05))
    (fp_line (start -2.9 1.05) (end -2.9 1.75) (layer F.CrtYd) (width 0.05))
    (fp_line (start -2.9 -1.05) (end -3.95 -1.05) (layer F.CrtYd) (width 0.05))
    (fp_line (start -3.95 -1.05) (end -3.95 1.05) (layer F.CrtYd) (width 0.05))
    (fp_line (start -3.95 1.05) (end -2.9 1.05) (layer F.CrtYd) (width 0.05))
    (fp_text user %R (at 0 0 270) (layer F.Fab)
      (effects (font (size 1 1) (thickness 0.15)))
    )
    (pad 1 smd rect (at -2.2 0 270) (size 3 1.6) (layers F.Cu F.Paste F.Mask)
      (net 4 "Net-(C3-Pad1)"))
    (pad 2 smd rect (at 2.2 0 270) (size 3 1.6) (layers F.Cu F.Paste F.Mask)
      (net 2 GND))
    (model ${KISYS3DMOD}/Capacitor_SMD.3dshapes/CP_Elec_5x5.3.wrl
      (at (xyz 0 0 0))
      (scale (xyz 1 1 1))
      (rotate (xyz 0 0 0))
    )
  )

  (module Capacitor_SMD:C_1206_3216Metric_Pad1.42x1.75mm_HandSolder (layer F.Cu) (tedit 5B301BBE) (tstamp 5BDADE6D)
    (at 121.15 106.75)
    (descr "Capacitor SMD 1206 (3216 Metric), square (rectangular) end terminal, IPC_7351 nominal with elongated pad for handsoldering. (Body size source: http://www.tortai-tech.com/upload/download/2011102023233369053.pdf), generated with kicad-footprint-generator")
    (tags "capacitor handsolder")
    (path /5BBE086D)
    (attr smd)
    (fp_text reference C4 (at 0 -1.82) (layer F.SilkS)
      (effects (font (size 1 1) (thickness 0.15)))
    )
    (fp_text value 0.1 (at 0 1.82) (layer F.Fab)
      (effects (font (size 1 1) (thickness 0.15)))
    )
    (fp_line (start -1.6 0.8) (end -1.6 -0.8) (layer F.Fab) (width 0.1))
    (fp_line (start -1.6 -0.8) (end 1.6 -0.8) (layer F.Fab) (width 0.1))
    (fp_line (start 1.6 -0.8) (end 1.6 0.8) (layer F.Fab) (width 0.1))
    (fp_line (start 1.6 0.8) (end -1.6 0.8) (layer F.Fab) (width 0.1))
    (fp_line (start -0.602064 -0.91) (end 0.602064 -0.91) (layer F.SilkS) (width 0.12))
    (fp_line (start -0.602064 0.91) (end 0.602064 0.91) (layer F.SilkS) (width 0.12))
    (fp_line (start -2.45 1.12) (end -2.45 -1.12) (layer F.CrtYd) (width 0.05))
    (fp_line (start -2.45 -1.12) (end 2.45 -1.12) (layer F.CrtYd) (width 0.05))
    (fp_line (start 2.45 -1.12) (end 2.45 1.12) (layer F.CrtYd) (width 0.05))
    (fp_line (start 2.45 1.12) (end -2.45 1.12) (layer F.CrtYd) (width 0.05))
    (fp_text user %R (at 0 0) (layer F.Fab)
      (effects (font (size 0.8 0.8) (thickness 0.12)))
    )
    (pad 1 smd roundrect (at -1.4875 0) (size 1.425 1.75) (layers F.Cu F.Paste F.Mask) (roundrect_rratio 0.175439)
      (net 5 "Net-(C4-Pad1)"))
    (pad 2 smd roundrect (at 1.4875 0) (size 1.425 1.75) (layers F.Cu F.Paste F.Mask) (roundrect_rratio 0.175439)
      (net 2 GND))
    (model ${KISYS3DMOD}/Capacitor_SMD.3dshapes/C_1206_3216Metric.wrl
      (at (xyz 0 0 0))
      (scale (xyz 1 1 1))
      (rotate (xyz 0 0 0))
    )
  )

  (module Capacitor_SMD:C_1206_3216Metric_Pad1.42x1.75mm_HandSolder (layer F.Cu) (tedit 5B301BBE) (tstamp 5BDADE7E)
    (at 121.2125 145.1)
    (descr "Capacitor SMD 1206 (3216 Metric), square (rectangular) end terminal, IPC_7351 nominal with elongated pad for handsoldering. (Body size source: http://www.tortai-tech.com/upload/download/2011102023233369053.pdf), generated with kicad-footprint-generator")
    (tags "capacitor handsolder")
    (path /5BFD870B)
    (attr smd)
    (fp_text reference C5 (at 0 -1.82) (layer F.SilkS)
      (effects (font (size 1 1) (thickness 0.15)))
    )
    (fp_text value 0.1 (at 0 1.82) (layer F.Fab)
      (effects (font (size 1 1) (thickness 0.15)))
    )
    (fp_text user %R (at 0 0) (layer F.Fab)
      (effects (font (size 0.8 0.8) (thickness 0.12)))
    )
    (fp_line (start 2.45 1.12) (end -2.45 1.12) (layer F.CrtYd) (width 0.05))
    (fp_line (start 2.45 -1.12) (end 2.45 1.12) (layer F.CrtYd) (width 0.05))
    (fp_line (start -2.45 -1.12) (end 2.45 -1.12) (layer F.CrtYd) (width 0.05))
    (fp_line (start -2.45 1.12) (end -2.45 -1.12) (layer F.CrtYd) (width 0.05))
    (fp_line (start -0.602064 0.91) (end 0.602064 0.91) (layer F.SilkS) (width 0.12))
    (fp_line (start -0.602064 -0.91) (end 0.602064 -0.91) (layer F.SilkS) (width 0.12))
    (fp_line (start 1.6 0.8) (end -1.6 0.8) (layer F.Fab) (width 0.1))
    (fp_line (start 1.6 -0.8) (end 1.6 0.8) (layer F.Fab) (width 0.1))
    (fp_line (start -1.6 -0.8) (end 1.6 -0.8) (layer F.Fab) (width 0.1))
    (fp_line (start -1.6 0.8) (end -1.6 -0.8) (layer F.Fab) (width 0.1))
    (pad 2 smd roundrect (at 1.4875 0) (size 1.425 1.75) (layers F.Cu F.Paste F.Mask) (roundrect_rratio 0.175439)
      (net 2 GND))
    (pad 1 smd roundrect (at -1.4875 0) (size 1.425 1.75) (layers F.Cu F.Paste F.Mask) (roundrect_rratio 0.175439)
      (net 6 "Net-(C5-Pad1)"))
    (model ${KISYS3DMOD}/Capacitor_SMD.3dshapes/C_1206_3216Metric.wrl
      (at (xyz 0 0 0))
      (scale (xyz 1 1 1))
      (rotate (xyz 0 0 0))
    )
  )

  (module Capacitor_SMD:C_1206_3216Metric_Pad1.42x1.75mm_HandSolder (layer B.Cu) (tedit 5B301BBE) (tstamp 5BDADE8F)
    (at 113.4 86.4625 270)
    (descr "Capacitor SMD 1206 (3216 Metric), square (rectangular) end terminal, IPC_7351 nominal with elongated pad for handsoldering. (Body size source: http://www.tortai-tech.com/upload/download/2011102023233369053.pdf), generated with kicad-footprint-generator")
    (tags "capacitor handsolder")
    (path /5BBBE6E2)
    (attr smd)
    (fp_text reference C6 (at 0 1.82 270) (layer B.SilkS)
      (effects (font (size 1 1) (thickness 0.15)) (justify mirror))
    )
    (fp_text value 0.1 (at 0 -1.82 270) (layer B.Fab)
      (effects (font (size 1 1) (thickness 0.15)) (justify mirror))
    )
    (fp_line (start -1.6 -0.8) (end -1.6 0.8) (layer B.Fab) (width 0.1))
    (fp_line (start -1.6 0.8) (end 1.6 0.8) (layer B.Fab) (width 0.1))
    (fp_line (start 1.6 0.8) (end 1.6 -0.8) (layer B.Fab) (width 0.1))
    (fp_line (start 1.6 -0.8) (end -1.6 -0.8) (layer B.Fab) (width 0.1))
    (fp_line (start -0.602064 0.91) (end 0.602064 0.91) (layer B.SilkS) (width 0.12))
    (fp_line (start -0.602064 -0.91) (end 0.602064 -0.91) (layer B.SilkS) (width 0.12))
    (fp_line (start -2.45 -1.12) (end -2.45 1.12) (layer B.CrtYd) (width 0.05))
    (fp_line (start -2.45 1.12) (end 2.45 1.12) (layer B.CrtYd) (width 0.05))
    (fp_line (start 2.45 1.12) (end 2.45 -1.12) (layer B.CrtYd) (width 0.05))
    (fp_line (start 2.45 -1.12) (end -2.45 -1.12) (layer B.CrtYd) (width 0.05))
    (fp_text user %R (at 0 0 270) (layer B.Fab)
      (effects (font (size 0.8 0.8) (thickness 0.12)) (justify mirror))
    )
    (pad 1 smd roundrect (at -1.4875 0 270) (size 1.425 1.75) (layers B.Cu B.Paste B.Mask) (roundrect_rratio 0.175439)
      (net 7 +5v))
    (pad 2 smd roundrect (at 1.4875 0 270) (size 1.425 1.75) (layers B.Cu B.Paste B.Mask) (roundrect_rratio 0.175439)
      (net 2 GND))
    (model ${KISYS3DMOD}/Capacitor_SMD.3dshapes/C_1206_3216Metric.wrl
      (at (xyz 0 0 0))
      (scale (xyz 1 1 1))
      (rotate (xyz 0 0 0))
    )
  )

  (module Capacitor_SMD:C_1206_3216Metric_Pad1.42x1.75mm_HandSolder (layer B.Cu) (tedit 5B301BBE) (tstamp 5BDADEA0)
    (at 114.15 124.45 270)
    (descr "Capacitor SMD 1206 (3216 Metric), square (rectangular) end terminal, IPC_7351 nominal with elongated pad for handsoldering. (Body size source: http://www.tortai-tech.com/upload/download/2011102023233369053.pdf), generated with kicad-footprint-generator")
    (tags "capacitor handsolder")
    (path /5BFD871A)
    (attr smd)
    (fp_text reference C7 (at 0 1.82 270) (layer B.SilkS)
      (effects (font (size 1 1) (thickness 0.15)) (justify mirror))
    )
    (fp_text value 0.1 (at 0 -1.82 270) (layer B.Fab)
      (effects (font (size 1 1) (thickness 0.15)) (justify mirror))
    )
    (fp_line (start -1.6 -0.8) (end -1.6 0.8) (layer B.Fab) (width 0.1))
    (fp_line (start -1.6 0.8) (end 1.6 0.8) (layer B.Fab) (width 0.1))
    (fp_line (start 1.6 0.8) (end 1.6 -0.8) (layer B.Fab) (width 0.1))
    (fp_line (start 1.6 -0.8) (end -1.6 -0.8) (layer B.Fab) (width 0.1))
    (fp_line (start -0.602064 0.91) (end 0.602064 0.91) (layer B.SilkS) (width 0.12))
    (fp_line (start -0.602064 -0.91) (end 0.602064 -0.91) (layer B.SilkS) (width 0.12))
    (fp_line (start -2.45 -1.12) (end -2.45 1.12) (layer B.CrtYd) (width 0.05))
    (fp_line (start -2.45 1.12) (end 2.45 1.12) (layer B.CrtYd) (width 0.05))
    (fp_line (start 2.45 1.12) (end 2.45 -1.12) (layer B.CrtYd) (width 0.05))
    (fp_line (start 2.45 -1.12) (end -2.45 -1.12) (layer B.CrtYd) (width 0.05))
    (fp_text user %R (at 0 0 270) (layer B.Fab)
      (effects (font (size 0.8 0.8) (thickness 0.12)) (justify mirror))
    )
    (pad 1 smd roundrect (at -1.4875 0 270) (size 1.425 1.75) (layers B.Cu B.Paste B.Mask) (roundrect_rratio 0.175439)
      (net 7 +5v))
    (pad 2 smd roundrect (at 1.4875 0 270) (size 1.425 1.75) (layers B.Cu B.Paste B.Mask) (roundrect_rratio 0.175439)
      (net 2 GND))
    (model ${KISYS3DMOD}/Capacitor_SMD.3dshapes/C_1206_3216Metric.wrl
      (at (xyz 0 0 0))
      (scale (xyz 1 1 1))
      (rotate (xyz 0 0 0))
    )
  )

  (module Capacitor_SMD:C_1206_3216Metric_Pad1.42x1.75mm_HandSolder (layer B.Cu) (tedit 5B301BBE) (tstamp 5BD05232)
    (at 115.6 106.75 180)
    (descr "Capacitor SMD 1206 (3216 Metric), square (rectangular) end terminal, IPC_7351 nominal with elongated pad for handsoldering. (Body size source: http://www.tortai-tech.com/upload/download/2011102023233369053.pdf), generated with kicad-footprint-generator")
    (tags "capacitor handsolder")
    (path /5BBDDE69)
    (attr smd)
    (fp_text reference C8 (at 0 1.82 180) (layer B.SilkS)
      (effects (font (size 1 1) (thickness 0.15)) (justify mirror))
    )
    (fp_text value 0.1 (at 0 -1.82 180) (layer B.Fab)
      (effects (font (size 1 1) (thickness 0.15)) (justify mirror))
    )
    (fp_line (start -1.6 -0.8) (end -1.6 0.8) (layer B.Fab) (width 0.1))
    (fp_line (start -1.6 0.8) (end 1.6 0.8) (layer B.Fab) (width 0.1))
    (fp_line (start 1.6 0.8) (end 1.6 -0.8) (layer B.Fab) (width 0.1))
    (fp_line (start 1.6 -0.8) (end -1.6 -0.8) (layer B.Fab) (width 0.1))
    (fp_line (start -0.602064 0.91) (end 0.602064 0.91) (layer B.SilkS) (width 0.12))
    (fp_line (start -0.602064 -0.91) (end 0.602064 -0.91) (layer B.SilkS) (width 0.12))
    (fp_line (start -2.45 -1.12) (end -2.45 1.12) (layer B.CrtYd) (width 0.05))
    (fp_line (start -2.45 1.12) (end 2.45 1.12) (layer B.CrtYd) (width 0.05))
    (fp_line (start 2.45 1.12) (end 2.45 -1.12) (layer B.CrtYd) (width 0.05))
    (fp_line (start 2.45 -1.12) (end -2.45 -1.12) (layer B.CrtYd) (width 0.05))
    (fp_text user %R (at 0 0 180) (layer B.Fab)
      (effects (font (size 0.8 0.8) (thickness 0.12)) (justify mirror))
    )
    (pad 1 smd roundrect (at -1.4875 0 180) (size 1.425 1.75) (layers B.Cu B.Paste B.Mask) (roundrect_rratio 0.175439)
      (net 8 "Net-(C8-Pad1)"))
    (pad 2 smd roundrect (at 1.4875 0 180) (size 1.425 1.75) (layers B.Cu B.Paste B.Mask) (roundrect_rratio 0.175439)
      (net 2 GND))
    (model ${KISYS3DMOD}/Capacitor_SMD.3dshapes/C_1206_3216Metric.wrl
      (at (xyz 0 0 0))
      (scale (xyz 1 1 1))
      (rotate (xyz 0 0 0))
    )
  )

  (module Capacitor_SMD:C_1206_3216Metric_Pad1.42x1.75mm_HandSolder (layer B.Cu) (tedit 5B301BBE) (tstamp 5BD12E5A)
    (at 115.6 143.25 180)
    (descr "Capacitor SMD 1206 (3216 Metric), square (rectangular) end terminal, IPC_7351 nominal with elongated pad for handsoldering. (Body size source: http://www.tortai-tech.com/upload/download/2011102023233369053.pdf), generated with kicad-footprint-generator")
    (tags "capacitor handsolder")
    (path /5BFD8704)
    (attr smd)
    (fp_text reference C9 (at 0 1.82 180) (layer B.SilkS)
      (effects (font (size 1 1) (thickness 0.15)) (justify mirror))
    )
    (fp_text value 0.1 (at 0 -1.82 180) (layer B.Fab)
      (effects (font (size 1 1) (thickness 0.15)) (justify mirror))
    )
    (fp_line (start -1.6 -0.8) (end -1.6 0.8) (layer B.Fab) (width 0.1))
    (fp_line (start -1.6 0.8) (end 1.6 0.8) (layer B.Fab) (width 0.1))
    (fp_line (start 1.6 0.8) (end 1.6 -0.8) (layer B.Fab) (width 0.1))
    (fp_line (start 1.6 -0.8) (end -1.6 -0.8) (layer B.Fab) (width 0.1))
    (fp_line (start -0.602064 0.91) (end 0.602064 0.91) (layer B.SilkS) (width 0.12))
    (fp_line (start -0.602064 -0.91) (end 0.602064 -0.91) (layer B.SilkS) (width 0.12))
    (fp_line (start -2.45 -1.12) (end -2.45 1.12) (layer B.CrtYd) (width 0.05))
    (fp_line (start -2.45 1.12) (end 2.45 1.12) (layer B.CrtYd) (width 0.05))
    (fp_line (start 2.45 1.12) (end 2.45 -1.12) (layer B.CrtYd) (width 0.05))
    (fp_line (start 2.45 -1.12) (end -2.45 -1.12) (layer B.CrtYd) (width 0.05))
    (fp_text user %R (at 0 0 180) (layer B.Fab)
      (effects (font (size 0.8 0.8) (thickness 0.12)) (justify mirror))
    )
    (pad 1 smd roundrect (at -1.4875 0 180) (size 1.425 1.75) (layers B.Cu B.Paste B.Mask) (roundrect_rratio 0.175439)
      (net 9 "Net-(C9-Pad1)"))
    (pad 2 smd roundrect (at 1.4875 0 180) (size 1.425 1.75) (layers B.Cu B.Paste B.Mask) (roundrect_rratio 0.175439)
      (net 2 GND))
    (model ${KISYS3DMOD}/Capacitor_SMD.3dshapes/C_1206_3216Metric.wrl
      (at (xyz 0 0 0))
      (scale (xyz 1 1 1))
      (rotate (xyz 0 0 0))
    )
  )

  (module Capacitor_SMD:C_1206_3216Metric_Pad1.42x1.75mm_HandSolder (layer B.Cu) (tedit 5B301BBE) (tstamp 5BDADED3)
    (at 177.4 61.5)
    (descr "Capacitor SMD 1206 (3216 Metric), square (rectangular) end terminal, IPC_7351 nominal with elongated pad for handsoldering. (Body size source: http://www.tortai-tech.com/upload/download/2011102023233369053.pdf), generated with kicad-footprint-generator")
    (tags "capacitor handsolder")
    (path /5BD0A41C)
    (attr smd)
    (fp_text reference C10 (at 0 1.82) (layer B.SilkS)
      (effects (font (size 1 1) (thickness 0.15)) (justify mirror))
    )
    (fp_text value 0.1 (at 0 -1.82) (layer B.Fab)
      (effects (font (size 1 1) (thickness 0.15)) (justify mirror))
    )
    (fp_line (start -1.6 -0.8) (end -1.6 0.8) (layer B.Fab) (width 0.1))
    (fp_line (start -1.6 0.8) (end 1.6 0.8) (layer B.Fab) (width 0.1))
    (fp_line (start 1.6 0.8) (end 1.6 -0.8) (layer B.Fab) (width 0.1))
    (fp_line (start 1.6 -0.8) (end -1.6 -0.8) (layer B.Fab) (width 0.1))
    (fp_line (start -0.602064 0.91) (end 0.602064 0.91) (layer B.SilkS) (width 0.12))
    (fp_line (start -0.602064 -0.91) (end 0.602064 -0.91) (layer B.SilkS) (width 0.12))
    (fp_line (start -2.45 -1.12) (end -2.45 1.12) (layer B.CrtYd) (width 0.05))
    (fp_line (start -2.45 1.12) (end 2.45 1.12) (layer B.CrtYd) (width 0.05))
    (fp_line (start 2.45 1.12) (end 2.45 -1.12) (layer B.CrtYd) (width 0.05))
    (fp_line (start 2.45 -1.12) (end -2.45 -1.12) (layer B.CrtYd) (width 0.05))
    (fp_text user %R (at 0 0) (layer B.Fab)
      (effects (font (size 0.8 0.8) (thickness 0.12)) (justify mirror))
    )
    (pad 1 smd roundrect (at -1.4875 0) (size 1.425 1.75) (layers B.Cu B.Paste B.Mask) (roundrect_rratio 0.175439)
      (net 1 "Net-(C1-Pad1)"))
    (pad 2 smd roundrect (at 1.4875 0) (size 1.425 1.75) (layers B.Cu B.Paste B.Mask) (roundrect_rratio 0.175439)
      (net 2 GND))
    (model ${KISYS3DMOD}/Capacitor_SMD.3dshapes/C_1206_3216Metric.wrl
      (at (xyz 0 0 0))
      (scale (xyz 1 1 1))
      (rotate (xyz 0 0 0))
    )
  )

  (module Capacitor_SMD:CP_Elec_5x5.3 (layer F.Cu) (tedit 5B3026A2) (tstamp 5BDADEFB)
    (at 121.65 78 90)
    (descr "SMT capacitor, aluminium electrolytic, 5x5.3, Nichicon ")
    (tags "Capacitor Electrolytic")
    (path /5BC12A18)
    (attr smd)
    (fp_text reference C11 (at 0 -3.7 90) (layer F.SilkS)
      (effects (font (size 1 1) (thickness 0.15)))
    )
    (fp_text value 10u (at 0 3.7 90) (layer F.Fab)
      (effects (font (size 1 1) (thickness 0.15)))
    )
    (fp_text user %R (at 0 0 90) (layer F.Fab)
      (effects (font (size 1 1) (thickness 0.15)))
    )
    (fp_line (start -3.95 1.05) (end -2.9 1.05) (layer F.CrtYd) (width 0.05))
